42
1 24 6 19
0 19 2 23 7 1
1 24 3 18 8 1
2 23 4 20 9 5
3 18 5 16 10 1
4 20 11 16
7 1 0 19 12 17
6 19 8 1 1 24 13 16
7 1 9 5 2 23 14 1
8 1 10 1 3 18 15 13
9 5 11 16 4 20 16 1
10 1 5 16 17 20
13 16 6 19 18 18
12 17 14 1 7 1 19 1
13 16 15 13 8 1 20 1
14 1 16 1 9 5 21 17
15 13 17 20 10 1 22 4
16 1 11 16 23 21
19 1 12 17 24 14
18 18 20 1 13 16 25 20
19 1 21 17 14 1 26 17
20 1 22 4 15 13 27 4
21 17 23 21 16 1 28 2
22 4 17 20 29 28
25 20 18 18 30 1
24 14 26 17 19 1 31 2
25 20 27 4 20 1 32 1
26 17 28 2 21 17 33 2
27 4 29 28 22 4 34 1
28 2 23 21 35 59
31 2 24 14 36 14
30 1 32 1 25 20 37 4
31 2 33 2 26 17 38 9
32 1 34 1 27 4 39 60
33 2 35 59 28 2 40 24
34 1 29 28 41 18
37 4 30 1
36 14 38 9 31 2
37 4 39 60 32 1
38 9 40 24 33 2
39 60 41 18 34 1
40 24 35 59